Mehdi	Time			Temp	SetPoint						
PID_out	366	0	0	400	400	100	10	100			(Ki=0,05,Kd=0,02,Kp=1,5)
PID_out	367	0,1	0	400	400	100	10	100			
PID_out	368	0,2	0	400	400	100	10	100			
PID_out	369	0,3	0	400	400	100	10	100			
PID_out	370	0,4	0	400	400	100	10	100			
PID_out	371	0,5	0	400	400	100	10	100			
PID_out	372	0,6	0	400	400	100	10	100			
PID_out	373	0,7	0	400	400	100	10	100			
PID_out	374	0,8	0	400	400	100	10	100			
PID_out	375	0,9	0	400	400	100	10	100			
PID_out	376	1	0	400	400	100	10	100			
PID_out	377	1,1	0	400	400	100	10	100			
PID_out	378	1,2	0	400	400	100	10	100			
PID_out	379	1,3	0	400	400	100	10	100			
PID_out	380	1,4	0	400	400	100	10	100			
PID_out	381	1,5	0	400	400	100	10	100			
PID_out	382	1,6	0	400	400	100	10	100			
PID_out	383	1,7	0	400	400	100	10	100			
PID_out	384	1,8	0	400	400	100	10	100			
PID_out	385	1,9	0	400	400	100	10	100			
PID_out	386	2	0	400	400	100	10	100			
PID_out	387	2,1	0	400	400	100	10	100			
PID_out	388	2,2	0	400	400	100	10	100			
PID_out	389	2,3	0	400	400	100	10	100			
PID_out	390	2,4	0	400	400	100	10	100			
PID_out	391	2,5	0	400	400	100	10	100			
PID_out	392	2,6	0	400	400	100	10	100			
PID_out	393	2,7	0	400	400	100	10	100			
PID_out	394	2,8	0	400	400	100	10	100			
PID_out	395	2,9	0	400	400	100	10	100			
PID_out	396	3	0	400	400	100	10	100			
PID_out	397	3,1	0	400	400	100	10	100			
PID_out	398	3,2	0	400	400	100	10	100			
PID_out	399	3,3	0	400	400	100	10	100			
PID_out	400	3,4	0	400	400	100	10	100			
PID_out	401	3,5	0	400	400	100	10	100			
PID_out	402	3,6	0	400	400	100	10	100			
PID_out	403	3,7	0	400	400	100	10	100			
PID_out	404	3,8	0	400	400	100	10	100			
PID_out	405	3,9	0	400	400	100	10	100			
PID_out	406	4	0	400	400	100	10	100			
PID_out	407	4,1	0	400	400	100	10	100			
PID_out	408	4,2	0	400	400	100	10	100			
PID_out	409	4,3	0	400	400	100	10	100			
PID_out	410	4,4	0	400	400	100	10	100			
PID_out	411	4,5	0	400	400	100	10	100			
PID_out	412	4,6	0	400	400	100	10	100			
PID_out	413	4,7	0	400	400	100	10	100			
PID_out	414	4,8	0	400	400	100	10	100			
PID_out	415	4,9	0	400	400	100	10	100			
PID_out	416	5	0	400	400	100	10	100			
PID_out	417	5,1	0	400	400	100	10	100			
PID_out	418	5,2	0	400	400	100	10	100			
PID_out	419	5,3	0	400	400	100	10	100			
PID_out	420	5,4	0	400	400	100	10	100			
PID_out	421	5,5	0	400	400	100	10	100			
PID_out	422	5,6	0	400	400	100	10	100			
PID_out	423	5,7	0	400	400	100	10	100			
PID_out	424	5,8	0	400	400	100	10	100			
PID_out	425	5,9	0	400	400	100	10	100			
PID_out	426	6	0	400	400	100	10	100			
PID_out	427	6,1	0	400	400	100	10	100			
PID_out	428	6,2	0	400	400	100	10	100			
PID_out	429	6,3	0	400	400	100	10	100			
PID_out	430	6,4	0	400	400	100	10	100			
PID_out	431	6,5	0	400	400	100	10	100			
PID_out	432	6,6	0	400	400	100	10	100			
PID_out	433	6,7	0	400	400	100	10	100			
PID_out	434	6,8	0	400	400	100	10	100			
PID_out	435	6,9	0	400	400	100	10	100			
PID_out	436	7	0	400	400	100	10	100			
PID_out	437	7,1	0	400	400	100	10	100			
PID_out	438	7,2	0	400	400	100	10	100			
PID_out	439	7,3	0	400	400	100	10	100			
PID_out	440	7,4	0	400	400	100	10	100			
PID_out	441	7,5	0	400	400	100	10	100			
PID_out	442	7,6	0	400	400	100	10	100			
PID_out	443	7,7	0	400	400	100	10	100			
PID_out	444	7,8	0	400	400	100	10	100			
PID_out	445	7,9	0	400	400	100	10	100			
PID_out	446	8	0	400	400	100	10	100			
PID_out	447	8,1	0	400	400	100	10	100			
PID_out	448	8,2	0	400	400	100	10	100			
PID_out	449	8,3	0	400	400	100	10	100			
PID_out	450	8,4	0	400	400	100	10	100			
PID_out	451	8,5	0	400	400	100	10	100			
PID_out	452	8,6	0	400	400	100	10	100			
PID_out	453	8,7	0	400	400	100	10	100			
PID_out	454	8,8	0	400	400	100	10	100			
PID_out	455	8,9	0	400	400	100	10	100			
PID_out	456	9	0	400	400	100	10	100			
PID_out	457	9,1	0	400	400	100	10	100			
PID_out	458	9,2	0	400	400	100	10	100			
PID_out	459	9,3	0	400	400	100	10	100			
PID_out	460	9,4	0	400	400	100	10	100			
PID_out	461	9,5	0	400	400	100	10	100			
PID_out	462	9,6	0	400	400	100	10	100			
PID_out	463	9,7	0	400	400	100	10	100			
PID_out	464	9,8	0	400	400	100	10	100			
PID_out	465	9,9	0	400	400	100	10	100			
PID_out	466	10	0	400	400	100	10	100			
PID_out	467	10,1	0	400	400	100	10	100			
PID_out	468	10,2	0	400	400	100	10	100			
PID_out	469	10,3	0	400	400	100	10	100			
PID_out	470	10,4	0	400	400	100	10	100			
PID_out	471	10,5	0	400	400	100	10	100			
PID_out	472	10,6	0	400	400	100	10	100			
PID_out	473	10,7	0	400	400	100	10	100			
PID_out	474	10,8	0	400	400	100	10	100			
PID_out	475	10,9	0	400	400	100	10	100			
PID_out	476	11	0	400	400	100	10	100			
PID_out	477	11,1	0	400	400	100	10	100			
PID_out	478	11,2	0	400	400	100	10	100			
PID_out	479	11,3	0	400	400	100	10	100			
PID_out	480	11,4	0	400	400	100	10	100			
PID_out	481	11,5	0	400	400	100	10	100			
PID_out	482	11,6	0	400	400	100	10	100			
PID_out	483	11,7	-379	400	150	100	10	100			
PID_out	492	12,6	-280	330	150	100	10	100			
PID_out	499	13,3	-212	278	150	100	10	100			
PID_out	504	13,8	-160	239	150	100	10	100			
PID_out	508	14,2	-121	210	150	100	10	100			
PID_out	511	14,5	-90	187	150	100	10	100			
PID_out	514	14,8	-66	170	150	100	10	100			
PID_out	516	15	-49	158	150	100	10	100			
PID_out	518	15,2	-36	149	150	100	10	100			
PID_out	519	15,3	-26	142	150	100	10	100			
PID_out	520	15,4	-19	138	150	100	10	100			
PID_out	521	15,5	-13	134	150	100	10	100			
PID_out	522	15,6	-9	132	150	100	10	100			
PID_out	523	15,7	-5	130	150	100	10	100			
PID_out	524	15,8	-3	129	150	100	10	100			
PID_out	525	15,9	-2	129	150	100	10	100			
PID_out	526	16	0	128	150	100	10	100			
PID_out	527	16,1	1	128	150	100	10	100			
PID_out	528	16,2	2	128	150	100	10	100			
PID_out	529	16,3	2	129	150	100	10	100			
PID_out	530	16,4	3	129	150	100	10	100			
PID_out	531	16,5	2	130	150	100	10	100			
PID_out	532	16,6	3	130	150	100	10	100			
PID_out	533	16,7	3	131	150	100	10	100			
PID_out	534	16,8	4	131	150	100	10	100			
PID_out	535	16,9	3	132	150	100	10	100			
PID_out	536	17	4	132	150	100	10	100			
PID_out	537	17,1	4	133	150	100	10	100			
PID_out	538	17,2	3	134	150	100	10	100			
PID_out	539	17,3	2	135	150	100	10	100			
PID_out	540	17,4	3	135	150	100	10	100			
PID_out	541	17,5	4	135	150	100	10	100			
PID_out	542	17,6	3	136	150	100	10	100			
PID_out	543	17,7	2	137	150	100	10	100			
PID_out	544	17,8	3	137	150	100	10	100			
PID_out	545	17,9	2	138	150	100	10	100			
PID_out	546	18	3	138	150	100	10	100			
PID_out	547	18,1	2	139	150	100	10	100			
PID_out	548	18,2	2	139	150	100	10	100			
PID_out	549	18,3	3	139	150	100	10	100			
PID_out	550	18,4	2	140	150	100	10	100			
PID_out	551	18,5	2	140	150	100	10	100			
PID_out	552	18,6	1	141	150	100	10	100			
PID_out	553	18,7	2	141	150	100	10	100			
PID_out	554	18,8	2	141	150	100	10	100			
PID_out	555	18,9	1	142	150	100	10	100			
PID_out	556	19	2	142	150	100	10	100			
PID_out	557	19,1	2	142	150	100	10	100			
PID_out	558	19,2	2	142	150	100	10	100			
PID_out	559	19,3	1	143	150	100	10	100			
PID_out	560	19,4	2	143	150	100	10	100			
PID_out	561	19,5	2	143	150	100	10	100			
PID_out	562	19,6	1	144	150	100	10	100			
PID_out	563	19,7	609	144	550	100	10	100			
PID_out	578	21,2	450	257	550	100	10	100			
PID_out	589	22,3	340	340	550	100	10	100			
PID_out	597	23,1	257	403	550	100	10	100			
PID_out	604	23,8	192	451	550	100	10	100			
PID_out	609	24,3	145	486	550	100	10	100			
PID_out	613	24,7	108	513	550	100	10	100			
PID_out	616	25	80	533	550	100	10	100			
PID_out	618	25,2	59	548	550	100	10	100			
PID_out	620	25,4	42	559	550	100	10	100			
PID_out	622	25,6	30	567	550	100	10	100			
PID_out	623	25,7	22	572	550	100	10	100			
PID_out	624	25,8	14	576	550	100	10	100			
PID_out	625	25,9	9	579	550	100	10	100			
PID_out	626	26	6	580	550	100	10	100			
PID_out	627	26,1	1	582	550	100	10	100			
PID_out	628	26,2	0	582	550	100	10	100			
PID_out	629	26,3	-1	582	550	100	10	100			
PID_out	630	26,4	-3	582	550	100	10	100			
PID_out	631	26,5	-3	581	550	100	10	100			
PID_out	632	26,6	-3	580	550	100	10	100			
PID_out	633	26,7	-4	580	550	100	10	100			
PID_out	634	26,8	-4	579	550	100	10	100			
PID_out	635	26,9	-4	578	550	100	10	100			
PID_out	636	27	-6	578	550	100	10	100			
PID_out	637	27,1	-5	577	550	100	10	100			
PID_out	638	27,2	-5	576	550	100	10	100			
PID_out	639	27,3	-5	575	550	100	10	100			
PID_out	640	27,4	-5	574	550	100	10	100			
PID_out	641	27,5	-5	573	550	100	10	100			
PID_out	642	27,6	-4	572	550	100	10	100			
PID_out	643	27,7	-4	571	550	100	10	100			
PID_out	644	27,8	-3	570	550	100	10	100			
PID_out	645	27,9	-4	570	550	100	10	100			
PID_out	646	28	-4	569	550	100	10	100			
PID_out	647	28,1	-3	568	550	100	10	100			
PID_out	648	28,2	-4	568	550	100	10	100			
PID_out	649	28,3	-4	567	550	100	10	100			
PID_out	650	28,4	-3	566	550	100	10	100			
PID_out	651	28,5	-4	566	550	100	10	100			
PID_out	652	28,6	-3	565	550	100	10	100			
PID_out	653	28,7	-4	565	550	100	10	100			
PID_out	654	28,8	-3	564	550	100	10	100			
PID_out	655	28,9	-2	563	550	100	10	100			
PID_out	656	29	-3	563	550	100	10	100			
PID_out	657	29,1	-2	562	550	100	10	100			
PID_out	658	29,2	-3	562	550	100	10	100			
PID_out	659	29,3	-2	561	550	100	10	100			
PID_out	660	29,4	-2	561	550	100	10	100			
PID_out	661	29,5	-3	561	550	100	10	100			
PID_out	662	29,6	-2	560	550	100	10	100			
PID_out	663	29,7	-2	560	550	100	10	100			
PID_out	664	29,8	-1	559	550	100	10	100			
PID_out	665	29,9	-2	559	550	100	10	100			
PID_out	666	30	-2	559	550	100	10	100			
PID_out	667	30,1	-1	558	550	100	10	100			
PID_out	668	30,2	-2	558	550	100	10	100			
PID_out	669	30,3	-2	558	550	100	10	100			
PID_out	670	30,4	-1	557	550	100	10	100			
PID_out	671	30,5	-1	557	550	100	10	100			
PID_out	672	30,6	-2	557	550	100	10	100			
PID_out	673	30,7	-2	557	550	100	10	100			
PID_out	674	30,8	-1	556	550	100	10	100			
PID_out	675	30,9	-1	556	550	100	10	100			
PID_out	676	31	-1	556	550	100	10	100			
PID_out	677	31,1	-2	556	550	100	10	100			
PID_out	678	31,2	-1	555	550	100	10	100			
PID_out	679	31,3	-1	555	550	100	10	100			
PID_out	680	31,4	-1	555	550	100	10	100			
PID_out	681	31,5	-1	555	550	100	10	100			
PID_out	682	31,6	-2	555	550	100	10	100			
PID_out	683	31,7	0	554	550	100	10	100			
PID_out	684	31,8	-1	554	550	100	10	100			
PID_out	685	31,9	-1	554	550	100	10	100			
PID_out	686	32	-1	554	550	100	10	100			
PID_out	687	32,1	-1	554	550	100	10	100			
PID_out	688	32,2	-1	554	550	100	10	100			
PID_out	689	32,3	0	553	550	100	10	100			
PID_out	690	32,4	0	553	550	100	10	100			
PID_out	691	32,5	0	553	550	100	10	100			
PID_out	692	32,6	0	553	550	100	10	100			
PID_out	693	32,7	-1	553	550	100	10	100			
PID_out	694	32,8	-1	553	550	100	10	100			
PID_out	695	32,9	-1	553	550	100	10	100			
PID_out	696	33	-1	553	550	100	10	100			
PID_out	697	33,1	-1	553	550	100	10	100			
PID_out	698	33,2	0	552	550	100	10	100			
PID_out	699	33,3	0	552	550	100	10	100			
PID_out	700	33,4	0	552	550	100	10	100			
PID_out	701	33,5	0	552	550	100	10	100			
PID_out	702	33,6	0	552	550	100	10	100			
PID_out	703	33,7	0	552	550	100	10	100			
PID_out	704	33,8	0	552	550	100	10	100			
PID_out	705	33,9	-1	552	550	100	10	100			
PID_out	706	34	-1	552	550	100	10	100			
PID_out	707	34,1	-1	552	550	100	10	100			
PID_out	708	34,2	-1	552	550	100	10	100			
PID_out	709	34,3	-1	552	550	100	10	100			
PID_out	710	34,4	-1	552	550	100	10	100			
PID_out	711	34,5	0	551	550	100	10	100			
PID_out	712	34,6	0	551	550	100	10	100			
PID_out	713	34,7	0	551	550	100	10	100			
PID_out	714	34,8	0	551	550	100	10	100			
PID_out	715	34,9	0	551	550	100	10	100			
PID_out	716	35	0	551	550	100	10	100			
PID_out	717	35,1	0	551	550	100	10	100			
PID_out	718	35,2	0	551	550	100	10	100			
PID_out	719	35,3	0	551	550	100	10	100			
PID_out	720	35,4	0	551	550	100	10	100			
PID_out	721	35,5	0	551	550	100	10	100			
PID_out	722	35,6	0	551	550	100	10	100			
PID_out	723	35,7	0	551	550	100	10	100			
PID_out	724	35,8	0	551	550	100	10	100			
PID_out	725	35,9	0	551	550	100	10	100			
PID_out	726	36	0	551	550	100	10	100			
PID_out	727	36,1	0	551	550	100	10	100			
PID_out	728	36,2	-1	551	550	100	10	100			
PID_out	729	36,3	-1	551	550	100	10	100			
PID_out	730	36,4	-1	551	550	100	10	100			
PID_out	731	36,5	-1	551	550	100	10	100			
PID_out	732	36,6	-1	551	550	100	10	100			
PID_out	733	36,7	0	550	550	100	10	100			
PID_out	734	36,8	0	550	550	100	10	100			
PID_out	735	36,9	0	550	550	100	10	100			
PID_out	736	37	0	550	550	100	10	100			
PID_out	737	37,1	0	550	550	100	10	100			
PID_out	738	37,2	0	550	550	100	10	100			
PID_out	739	37,3	0	550	550	100	10	100			
PID_out	740	37,4	0	550	550	100	10	100			
PID_out	741	37,5	0	550	550	100	10	100			
PID_out	742	37,6	0	550	550	100	10	100			
PID_out	743	37,7	0	550	550	100	10	100			
PID_out	744	37,8	0	550	550	100	10	100			
PID_out	745	37,9	0	550	550	100	10	100			
PID_out	746	38	0	550	550	100	10	100			
PID_out	747	38,1	0	550	550	100	10	100			
PID_out	748	38,2	0	550	550	100	10	100			
PID_out	749	38,3	0	550	550	100	10	100			
PID_out	750	38,4	0	550	550	100	10	100			
PID_out	751	38,5	0	550	550	100	10	100			
PID_out	752	38,6	0	550	550	100	10	100			
PID_out	753	38,7	0	550	550	100	10	100			
PID_out	754	38,8	0	550	550	100	10	100			
PID_out	755	38,9	0	550	550	100	10	100			
PID_out	756	39	0	550	550	100	10	100			
PID_out	757	39,1	0	550	550	100	10	100			
PID_out	758	39,2	0	550	550	100	10	100			
PID_out	759	39,3	0	550	550	100	10	100			
PID_out	760	39,4	0	550	550	100	10	100			
PID_out	761	39,5	0	550	550	100	10	100			
PID_out	762	39,6	-531	550	200	100	10	100			
PID_out	775	40,9	-393	452	200	100	10	100			
PID_out	785	41,9	-296	379	200	100	10	100			
PID_out	793	42,7	-225	325	200	100	10	100			
PID_out	799	43,3	-168	283	200	100	10	100			
PID_out	803	43,7	-126	252	200	100	10	100			
PID_out	807	44,1	-93	228	200	100	10	100			
PID_out	810	44,4	-69	211	200	100	10	100			
PID_out	812	44,6	-50	198	200	100	10	100			
PID_out	814	44,8	-36	189	200	100	10	100			
PID_out	815	44,9	-25	182	200	100	10	100			
PID_out	816	45	-19	178	200	100	10	100			
PID_out	817	45,1	-12	174	200	100	10	100			
PID_out	818	45,2	-7	172	200	100	10	100			
PID_out	819	45,3	-4	171	200	100	10	100			
PID_out	820	45,4	-1	170	200	100	10	100			
PID_out	821	45,5	0	170	200	100	10	100			
PID_out	822	45,6	1	170	200	100	10	100			
PID_out	823	45,7	2	170	200	100	10	100			
PID_out	824	45,8	4	170	200	100	10	100			
PID_out	825	45,9	4	171	200	100	10	100			
PID_out	826	46	3	172	200	100	10	100			
PID_out	827	46,1	5	172	200	100	10	100			
PID_out	828	46,2	5	173	200	100	10	100			
PID_out	829	46,3	5	174	200	100	10	100			
PID_out	830	46,4	4	175	200	100	10	100			
PID_out	831	46,5	4	176	200	100	10	100			
PID_out	832	46,6	4	177	200	100	10	100			
PID_out	833	46,7	5	177	200	100	10	100			
PID_out	834	46,8	5	178	200	100	10	100			
PID_out	835	46,9	4	179	200	100	10	100			
PID_out	836	47	4	180	200	100	10	100			
PID_out	837	47,1	3	181	200	100	10	100			
PID_out	838	47,2	4	181	200	100	10	100			
PID_out	839	47,3	4	182	200	100	10	100			
PID_out	840	47,4	3	183	200	100	10	100			
PID_out	841	47,5	4	183	200	100	10	100			
PID_out	842	47,6	3	184	200	100	10	100			
PID_out	843	47,7	3	185	200	100	10	100			
PID_out	844	47,8	3	185	200	100	10	100			
PID_out	845	47,9	3	186	200	100	10	100			
PID_out	846	48	3	186	200	100	10	100			
PID_out	847	48,1	3	187	200	100	10	100			
PID_out	848	48,2	3	187	200	100	10	100			
PID_out	849	48,3	2	188	200	100	10	100			
PID_out	850	48,4	3	188	200	100	10	100			
PID_out	851	48,5	2	189	200	100	10	100			
PID_out	852	48,6	3	189	200	100	10	100			
PID_out	853	48,7	2	190	200	100	10	100			
PID_out	854	48,8	2	190	200	100	10	100			
PID_out	855	48,9	1	191	200	100	10	100			
PID_out	856	49	2	191	200	100	10	100			
PID_out	857	49,1	2	191	200	100	10	100			
PID_out	858	49,2	1	192	200	100	10	100			
PID_out	859	49,3	1	192	200	100	10	100			
PID_out	860	49,4	2	192	200	100	10	100			
PID_out	861	49,5	2	192	200	100	10	100			
PID_out	862	49,6	1	193	200	100	10	100			
PID_out	863	49,7	1	193	200	100	10	100			
PID_out	864	49,8	2	193	200	100	10	100			
PID_out	865	49,9	2	193	200	100	10	100			
PID_out	866	50	1	194	200	100	10	100			
PID_out	867	50,1	1	194	200	100	10	100			
PID_out	868	50,2	2	194	200	100	10	100			
PID_out	869	50,3	0	195	200	100	10	100			
PID_out	870	50,4	1	195	200	100	10	100			
PID_out	871	50,5	1	195	200	100	10	100			
PID_out	872	50,6	1	195	200	100	10	100			
PID_out	873	50,7	1	195	200	100	10	100			
PID_out	874	50,8	2	195	200	100	10	100			
PID_out	875	50,9	0	196	200	100	10	100			
PID_out	876	51	1	196	200	100	10	100			
PID_out	877	51,1	1	196	200	100	10	100			
PID_out	878	51,2	1	196	200	100	10	100			
PID_out	879	51,3	1	196	200	100	10	100			
PID_out	880	51,4	1	196	200	100	10	100			
PID_out	881	51,5	0	197	200	100	10	100			
PID_out	882	51,6	0	197	200	100	10	100			
PID_out	883	51,7	0	197	200	100	10	100			
PID_out	884	51,8	1	197	200	100	10	100			
PID_out	885	51,9	1	197	200	100	10	100			
PID_out	886	52	1	197	200	100	10	100			
PID_out	887	52,1	1	197	200	100	10	100			
PID_out	888	52,2	1	197	200	100	10	100			
PID_out	889	52,3	1	197	200	100	10	100			
PID_out	890	52,4	0	198	200	100	10	100			
PID_out	891	52,5	0	198	200	100	10	100			
PID_out	892	52,6	0	198	200	100	10	100			
PID_out	893	52,7	0	198	200	100	10	100			
PID_out	894	52,8	0	198	200	100	10	100			
PID_out	895	52,9	380	198	450	100	10	100			
PID_out	905	53,9	282	268	450	100	10	100			
PID_out	912	54,6	213	320	450	100	10	100			
PID_out	918	55,2	160	360	450	100	10	100			
PID_out	922	55,6	121	389	450	100	10	100			
PID_out	925	55,9	90	412	450	100	10	100			
PID_out	928	56,2	68	428	450	100	10	100			
PID_out	930	56,4	49	441	450	100	10	100			
PID_out	932	56,6	36	450	450	100	10	100			
PID_out	933	56,7	26	457	450	100	10	100			
PID_out	934	56,8	18	462	450	100	10	100			
PID_out	935	56,9	13	465	450	100	10	100			
PID_out	936	57	9	467	450	100	10	100			
PID_out	937	57,1	6	469	450	100	10	100			
PID_out	938	57,2	3	470	450	100	10	100			
PID_out	939	57,3	1	471	450	100	10	100			
PID_out	940	57,4	0	471	450	100	10	100			
PID_out	941	57,5	0	471	450	100	10	100			
PID_out	942	57,6	-2	471	450	100	10	100			
PID_out	943	57,7	-1	470	450	100	10	100			
PID_out	944	57,8	-2	470	450	100	10	100			
PID_out	945	57,9	-3	470	450	100	10	100			
PID_out	946	58	-3	469	450	100	10	100			
PID_out	947	58,1	-4	469	450	100	10	100			
PID_out	948	58,2	-3	468	450	100	10	100			
PID_out	949	58,3	-2	467	450	100	10	100			
PID_out	950	58,4	-3	467	450	100	10	100			
PID_out	951	58,5	-4	467	450	100	10	100			
PID_out	952	58,6	-3	466	450	100	10	100			
PID_out	953	58,7	-3	465	450	100	10	100			
PID_out	954	58,8	-3	465	450	100	10	100			
PID_out	955	58,9	-3	464	450	100	10	100			
PID_out	956	59	-3	464	450	100	10	100			
PID_out	957	59,1	-3	463	450	100	10	100			
PID_out	958	59,2	-2	462	450	100	10	100			
PID_out	959	59,3	-2	462	450	100	10	100			
PID_out	960	59,4	-3	462	450	100	10	100			
PID_out	961	59,5	-2	461	450	100	10	100			
PID_out	962	59,6	-3	461	450	100	10	100			
PID_out	963	59,7	-2	460	450	100	10	100			
PID_out	964	59,8	-2	460	450	100	10	100			
PID_out	965	59,9	-3	460	450	100	10	100			
PID_out	966	60	-2	459	450	100	10	100			
PID_out	967	60,1	-2	459	450	100	10	100			
PID_out	968	60,2	-1	458	450	100	10	100			
PID_out	969	60,3	-1	458	450	100	10	100			
PID_out	970	60,4	-2	458	450	100	10	100			
PID_out	971	60,5	-1	457	450	100	10	100			
PID_out	972	60,6	-1	457	450	100	10	100			
PID_out	973	60,7	-1	457	450	100	10	100			
PID_out	974	60,8	-2	457	450	100	10	100			
PID_out	975	60,9	-2	457	450	100	10	100			
PID_out	976	61	-1	456	450	100	10	100			
PID_out	977	61,1	-1	456	450	100	10	100			
PID_out	978	61,2	-2	456	450	100	10	100			
PID_out	979	61,3	0	455	450	100	10	100			
PID_out	980	61,4	-1	455	450	100	10	100			
PID_out	981	61,5	-1	455	450	100	10	100			
PID_out	982	61,6	-1	455	450	100	10	100			
PID_out	983	61,7	-1	455	450	100	10	100			
PID_out	984	61,8	-2	455	450	100	10	100			
PID_out	985	61,9	0	454	450	100	10	100			
PID_out	986	62	-1	454	450	100	10	100			
PID_out	987	62,1	-1	454	450	100	10	100			
PID_out	988	62,2	-1	454	450	100	10	100			
PID_out	989	62,3	-1	454	450	100	10	100			
PID_out	990	62,4	-1	454	450	100	10	100			
PID_out	991	62,5	0	453	450	100	10	100			
PID_out	992	62,6	0	453	450	100	10	100			
PID_out	993	62,7	0	453	450	100	10	100			
PID_out	994	62,8	-1	453	450	100	10	100			
PID_out	995	62,9	-1	453	450	100	10	100			
PID_out	996	63	-1	453	450	100	10	100			
PID_out	997	63,1	-1	453	450	100	10	100			
PID_out	998	63,2	-1	453	450	100	10	100			
PID_out	999	63,3	0	452	450	100	10	100			
PID_out	1000	63,4	0	452	450	100	10	100			
PID_out	1001	63,5	0	452	450	100	10	100			
PID_out	1002	63,6	0	452	450	100	10	100			
PID_out	1003	63,7	0	452	450	100	10	100			
PID_out	1004	63,8	0	452	450	100	10	100			
PID_out	1005	63,9	0	452	450	100	10	100			
PID_out	1006	64	-1	452	450	100	10	100			
PID_out	1007	64,1	-1	452	450	100	10	100			
PID_out	1008	64,2	-1	452	450	100	10	100			
PID_out	1009	64,3	-1	452	450	100	10	100			
PID_out	1010	64,4	-1	452	450	100	10	100			
PID_out	1011	64,5	-1	452	450	100	10	100			
PID_out	1012	64,6	0	451	450	100	10	100			
PID_out	1013	64,7	0	451	450	100	10	100			
PID_out	1014	64,8	0	451	450	100	10	100			
PID_out	1015	64,9	0	451	450	100	10	100			
PID_out	1016	65	0	451	450	100	10	100			
PID_out	1017	65,1	0	451	450	100	10	100			
PID_out	1018	65,2	0	451	450	100	10	100			
PID_out	1019	65,3	0	451	450	100	10	100			
PID_out	1020	65,4	0	451	450	100	10	100			
PID_out	1021	65,5	0	451	450	100	10	100			
PID_out	1022	65,6	0	451	450	100	10	100			
PID_out	1023	65,7	0	451	450	100	10	100			
PID_out	1024	65,8	0	451	450	100	10	100			
PID_out	1025	65,9	0	451	450	100	10	100			
PID_out	1026	66	0	451	450	100	10	100			
PID_out	1027	66,1	0	451	450	100	10	100			
PID_out	1028	66,2	0	451	450	100	10	100			
PID_out	1029	66,3	0	451	450	100	10	100			
PID_out	1030	66,4	-1	451	450	100	10	100			
PID_out	1031	66,5	-1	451	450	100	10	100			
PID_out	1032	66,6	-1	451	450	100	10	100			
PID_out	1033	66,7	-1	451	450	100	10	100			
PID_out	1034	66,8	-1	451	450	100	10	100			
PID_out	1035	66,9	0	450	450	100	10	100			
PID_out	1036	67	0	450	450	100	10	100			
PID_out	1037	67,1	0	450	450	100	10	100			
PID_out	1038	67,2	0	450	450	100	10	100			
PID_out	1039	67,3	0	450	450	100	10	100			
PID_out	1040	67,4	0	450	450	100	10	100			
PID_out	1041	67,5	0	450	450	100	10	100			
PID_out	1042	67,6	0	450	450	100	10	100			
PID_out	1043	67,7	0	450	450	100	10	100			
PID_out	1044	67,8	0	450	450	100	10	100			
PID_out	1045	67,9	0	450	450	100	10	100			
PID_out	1046	68	0	450	450	100	10	100			
PID_out	1047	68,1	0	450	450	100	10	100			
PID_out	1048	68,2	0	450	450	100	10	100			
PID_out	1049	68,3	0	450	450	100	10	100			
PID_out	1050	68,4	0	450	450	100	10	100			
PID_out	1051	68,5	0	450	450	100	10	100			
PID_out	1052	68,6	0	450	450	100	10	100			
PID_out	1053	68,7	0	450	450	100	10	100			
PID_out	1054	68,8	0	450	450	100	10	100			
PID_out	1055	68,9	0	450	450	100	10	100			
PID_out	1056	69	0	450	450	100	10	100			
PID_out	1057	69,1	0	450	450	100	10	100			
PID_out	1058	69,2	0	450	450	100	10	100			
PID_out	1059	69,3	0	450	450	100	10	100			
PID_out	1060	69,4	0	450	450	100	10	100			
PID_out	1061	69,5	0	450	450	100	10	100			
PID_out	1062	69,6	0	450	450	100	10	100			
PID_out	1063	69,7	0	450	450	100	10	100			
PID_out	1064	69,8	0	450	450	100	10	100			
PID_out	1065	69,9	0	450	450	100	10	100			
PID_out	1066	70	0	450	450	100	10	100			
PID_out	1067	70,1	0	450	450	100	10	100			
PID_out	1068	70,2	0	450	450	100	10	100			
PID_out	1069	70,3	0	450	450	100	10	100			
PID_out	1070	70,4	0	450	450	100	10	100			
PID_out	1071	70,5	0	450	450	100	10	100			
PID_out	1072	70,6	0	450	450	100	10	100			
PID_out	1073	70,7	0	450	450	100	10	100			
PID_out	1074	70,8	0	450	450	100	10	100			
PID_out	1075	70,9	0	450	450	100	10	100			
PID_out	1076	71	0	450	450	100	10	100			
PID_out	1077	71,1	0	450	450	100	10	100			
PID_out	1078	71,2	0	450	450	100	10	100			
PID_out	1079	71,3	0	450	450	100	10	100			
PID_out	1080	71,4	0	450	450	100	10	100			
PID_out	1081	71,5	0	450	450	100	10	100			
PID_out	1082	71,6	0	450	450	100	10	100			
PID_out	1083	71,7	0	450	450	100	10	100			
PID_out	1084	71,8	0	450	450	100	10	100			
PID_out	1085	71,9	0	450	450	100	10	100			
PID_out	1086	72	0	450	450	100	10	100			
PID_out	1087	72,1	0	450	450	100	10	100			
PID_out	1088	72,2	0	450	450	100	10	100			
PID_out	1089	72,3	0	450	450	100	10	100			
PID_out	1090	72,4	0	450	450	100	10	100			
PID_out	1091	72,5	0	450	450	100	10	100			
PID_out	1092	72,6	0	450	450	100	10	100			
PID_out	1093	72,7	0	450	450	100	10	100			
PID_out	1094	72,8	0	450	450	100	10	100			
PID_out	1095	72,9	0	450	450	100	10	100			
PID_out	1096	73	0	450	450	100	10	100			
PID_out	1097	73,1	0	450	450	100	10	100			
PID_out	1098	73,2	0	450	450	100	10	100			
PID_out	1099	73,3	0	450	450	100	10	100			
PID_out	1100	73,4	0	450	450	100	10	100			
PID_out	1101	73,5	0	450	450	100	10	100			
PID_out	1102	73,6	0	450	450	100	10	100			
PID_out	1103	73,7	0	450	450	100	10	100			
PID_out	1104	73,8	0	450	450	100	10	100			
PID_out	1105	73,9	0	450	450	100	10	100			
PID_out	1106	74	0	450	450	100	10	100			
PID_out	1107	74,1	0	450	450	100	10	100			
